waveleght
2.28613
2.28541
2.28469
2.28396
2.28324
2.28252
2.28179
2.28107
2.28035
2.27963
2.27891
2.27819
2.27747
2.27675
2.27603
2.27532
2.2746
2.27388
2.27317
2.27245
2.27173
2.27102
2.2703
2.26959
2.26888
2.26816
2.26745
2.26674
2.26602
2.26531
2.2646
2.26389
2.26318
2.26247
2.26176
2.26105
2.26034
2.25964
2.25893
2.25822
2.25751
2.25681
2.2561
2.2554
2.25469
2.25399
2.25328
2.25258
2.25188
2.25118
2.25047
2.24977
2.24907
2.24837
2.24767
2.24697
2.24627
2.24557
2.24487
2.24417
2.24347
2.24278
2.24208
2.24138
2.24069
2.23999
2.2393
2.2386
2.23791
2.23721
2.23652
2.23583
2.23514
2.23444
2.23375
2.23306
2.23237
2.23168
2.23099
2.2303
2.22961
2.22892
2.22823
2.22755
2.22686
2.22617
2.22548
2.2248
2.22411
2.22343
2.22274
2.22206
2.22137
2.22069
2.22001
2.21933
2.21864
2.21796
2.21728
2.2166
2.21592
2.21524
2.21456
2.21388
2.2132
2.21252
2.21184
2.21117
2.21049
2.20981
2.20914
2.20846
2.20778
2.20711
2.20643
2.20576
2.20509
2.20441
2.20374
2.20307
2.20239
2.20172
2.20105
2.20038
2.19971
2.19904
2.19837
2.1977
2.19703
2.19636
2.1957
2.19503
2.19436
2.19369
2.19303
2.19236
2.1917
2.19103
2.19037
2.1897
2.18904
2.18837
2.18771
2.18705
2.18639
2.18572
2.18506
2.1844
2.18374
2.18308
2.18242
2.18176
2.1811
2.18044
2.17978
2.17913
2.17847
2.17781
2.17715
2.1765
2.17584
2.17519
2.17453
2.17388
2.17322
2.17257
2.17192
2.17126
2.17061
2.16996
2.16931
2.16865
2.168
2.16735
2.1667
2.16605
2.1654
2.16475
2.1641
2.16346
2.16281
2.16216
2.16151
2.16087
2.16022
2.15957
2.15893
2.15828
2.15764
2.15699
2.15635
2.15571
2.15506
2.15442
2.15378
2.15313
2.15249
2.15185
2.15121
2.15057
2.14993
2.14929
2.14865
2.14801
2.14737
2.14673
2.1461
2.14546
2.14482
2.14419
2.14355
2.14291
2.14228
2.14164
2.14101
2.14037
2.13974
2.1391
2.13847
2.13784
2.13721
2.13657
2.13594
2.13531
2.13468
2.13405
2.13342
2.13279
2.13216
2.13153
2.1309
2.13027
2.12964
2.12902
2.12839
2.12776
2.12714
2.12651
2.12588
2.12526
2.12463
2.12401
2.12338
2.12276
2.12214
2.12151
2.12089
2.12027
2.11965
2.11903
2.1184
2.11778
2.11716
2.11654
2.11592
2.1153
2.11468
2.11406
2.11345
2.11283
2.11221
2.11159
2.11098
2.11036
2.10974
2.10913
2.10851
2.1079
2.10728
2.10667
2.10605
2.10544
2.10483
2.10421
2.1036
2.10299
2.10238
2.10177
2.10115
2.10054
2.09993
2.09932
2.09871
2.0981
2.0975
2.09689
2.09628
2.09567
2.09506
2.09446
2.09385
2.09324
2.09264
2.09203
2.09142
2.09082
2.09021
2.08961
2.08901
2.0884
2.0878
2.0872
2.08659
2.08599
2.08539
2.08479
2.08419
2.08359
2.08299
2.08239
2.08179
2.08119
2.08059
2.07999
2.07939
2.07879
2.07819
2.0776
2.077
2.0764
2.07581
2.07521
2.07462
2.07402
2.07343
2.07283
2.07224
2.07164
2.07105
2.07046
2.06986
2.06927
2.06868
2.06809
2.06749
2.0669
2.06631
2.06572
2.06513
2.06454
2.06395
2.06336
2.06278
2.06219
2.0616
2.06101
2.06042
2.05984
2.05925
2.05866
2.05808
2.05749
2.05691
2.05632
2.05574
2.05515
2.05457
2.05398
2.0534
2.05282
2.05224
2.05165
2.05107
2.05049
2.04991
2.04933
2.04875
2.04817
2.04759
2.04701
2.04643
2.04585
2.04527
2.04469
2.04411
2.04354
2.04296
2.04238
2.0418
2.04123
2.04065
2.04008
2.0395
2.03893
2.03835
2.03778
2.0372
2.03663
2.03606
2.03548
2.03491
2.03434
2.03377
2.03319
2.03262
2.03205
2.03148
2.03091
2.03034
2.02977
2.0292
2.02863
2.02806
2.02749
2.02693
2.02636
2.02579
2.02522
2.02466
2.02409
2.02352
2.02296
2.02239
2.02183
2.02126
2.0207
2.02013
2.01957
2.019
2.01844
2.01788
2.01731
2.01675
2.01619
2.01563
2.01507
2.01451
2.01395
2.01338
2.01282
2.01226
2.0117
2.01115
2.01059
2.01003
2.00947
2.00891
2.00835
2.0078
2.00724
2.00668
2.00613
2.00557
2.00501
2.00446
2.0039
2.00335
2.00279
2.00224
2.00169
2.00113
2.00058
2.00003
1.99947
1.99892
1.99837
1.99782
1.99727
1.99671
1.99616
1.99561
1.99506
1.99451
1.99396
1.99341
1.99286
1.99232
1.99177
1.99122
1.99067
1.99012
1.98958
1.98903
1.98848
1.98794
1.98739
1.98685
1.9863
1.98575
1.98521
1.98467
1.98412
1.98358
1.98303
1.98249
1.98195
1.98141
1.98086
1.98032
1.97978
1.97924
1.9787
1.97816
1.97762
1.97707
1.97654
1.976
1.97546
1.97492
1.97438
1.97384
1.9733
1.97276
1.97223
1.97169
1.97115
1.97062
1.97008
1.96954
1.96901
1.96847
1.96794
1.9674
1.96687
1.96633
1.9658
1.96526
1.96473
1.9642
1.96367
1.96313
1.9626
1.96207
1.96154
1.96101
1.96047
1.95994
1.95941
1.95888
1.95835
1.95782
1.95729
1.95677
1.95624
1.95571
1.95518
1.95465
1.95412
1.9536
1.95307
1.95254
1.95202
1.95149
1.95096
1.95044
1.94991
1.94939
1.94886
1.94834
1.94782
1.94729
1.94677
1.94625
1.94572
1.9452
1.94468
1.94415
1.94363
1.94311
1.94259
1.94207
1.94155
1.94103
1.94051
1.93999
1.93947
1.93895
1.93843
1.93791
1.93739
1.93687
1.93636
1.93584
1.93532
1.9348
1.93429
1.93377
1.93325
1.93274
1.93222
1.93171
1.93119
1.93068
1.93016
1.92965
1.92914
1.92862
1.92811
1.92759
1.92708
1.92657
1.92606
1.92554
1.92503
1.92452
1.92401
1.9235
1.92299
1.92248
1.92197
1.92146
1.92095
1.92044
1.91993
1.91942
1.91891
1.91841
1.9179
1.91739
1.91688
1.91637
1.91587
1.91536
1.91486
1.91435
1.91384
1.91334
1.91283
1.91233
1.91182
1.91132
1.91081
1.91031
1.90981
1.9093
1.9088
1.9083
1.9078
1.90729
1.90679
1.90629
1.90579
1.90529
1.90479
1.90429
1.90378
1.90328
1.90278
1.90229
1.90179
1.90129
1.90079
1.90029
1.89979
1.89929
1.8988
1.8983
1.8978
1.8973
1.89681
1.89631
1.89581
1.89532
1.89482
1.89433
1.89383
1.89334
1.89284
1.89235
1.89186
1.89136
1.89087
1.89037
1.88988
1.88939
1.8889
1.8884
1.88791
1.88742
1.88693
1.88644
1.88595
1.88546
1.88497
1.88448
1.88399
1.8835
1.88301
1.88252
1.88203
1.88154
1.88105
1.88056
1.88008
1.87959
1.8791
1.87861
1.87813
1.87764
1.87715
1.87667
1.87618
1.8757
1.87521
1.87473
1.87424
1.87376
1.87327
1.87279
1.87231
1.87182
1.87134
1.87086
1.87037
1.86989
1.86941
1.86893
1.86845
1.86796
1.86748
1.867
1.86652
1.86604
1.86556
1.86508
1.8646
1.86412
1.86364
1.86316
1.86268
1.86221
1.86173
1.86125
1.86077
1.86029
1.85982
1.85934
1.85886
1.85839
1.85791
1.85744
1.85696
1.85648
1.85601
1.85553
1.85506
1.85458
1.85411
1.85364
1.85316
1.85269
1.85222
1.85174
1.85127
1.8508
1.85033
1.84985
1.84938
1.84891
1.84844
1.84797
1.8475
1.84703
1.84656
1.84609
1.84562
1.84515
1.84468
1.84421
1.84374
1.84327
1.8428
1.84233
1.84187
1.8414
1.84093
1.84046
1.84
1.83953
1.83906
1.8386
1.83813
1.83767
1.8372
1.83674
1.83627
1.83581
1.83534
1.83488
1.83441
1.83395
1.83349
1.83302
1.83256
1.8321
1.83163
1.83117
1.83071
1.83025
1.82979
1.82932
1.82886
1.8284
1.82794
1.82748
1.82702
1.82656
1.8261
1.82564
1.82518
1.82472
1.82426
1.82381
1.82335
1.82289
1.82243
1.82197
1.82152
1.82106
1.8206
1.82015
1.81969
1.81923
1.81878
1.81832
1.81787
1.81741
1.81695
1.8165
1.81605
1.81559
1.81514
1.81468
1.81423
1.81378
1.81332
1.81287
1.81242
1.81196
1.81151
1.81106
1.81061
1.81016
1.8097
1.80925
1.8088
1.80835
1.8079
1.80745
1.807
1.80655
1.8061
1.80565
1.8052
1.80475
1.8043
1.80386
1.80341
1.80296
1.80251
1.80206
1.80162
1.80117
1.80072
1.80028
1.79983
1.79938
1.79894
1.79849
1.79805
1.7976
1.79716
1.79671
1.79627
1.79582
1.79538
1.79493
1.79449
1.79405
1.7936
1.79316
1.79272
1.79228
1.79183
1.79139
1.79095
1.79051
1.79007
1.78962
1.78918
1.78874
1.7883
1.78786
1.78742
1.78698
1.78654
1.7861
1.78566
1.78522
1.78478
1.78435
1.78391
1.78347
1.78303
1.78259
1.78216
1.78172
1.78128
1.78084
1.78041
1.77997
1.77954
1.7791
1.77866
1.77823
1.77779
1.77736
1.77692
1.77649
1.77605
1.77562
1.77518
1.77475
1.77432
1.77388
1.77345
1.77302
1.77258
1.77215
1.77172
1.77129
1.77086
1.77042
1.76999
1.76956
1.76913
1.7687
1.76827
1.76784
1.76741
1.76698
1.76655
1.76612
1.76569
1.76526
1.76483
1.7644
1.76397
1.76355
1.76312
1.76269
1.76226
1.76183
1.76141
1.76098
1.76055
1.76013
1.7597
1.75927
1.75885
1.75842
1.758
1.75757
1.75715
1.75672
1.7563
1.75587
1.75545
1.75502
1.7546
1.75418
1.75375
1.75333
1.75291
1.75248
1.75206
1.75164
1.75122
1.75079
1.75037
1.74995
1.74953
1.74911
1.74869
1.74827
1.74784
1.74742
1.747
1.74658
1.74616
1.74575
1.74533
1.74491
1.74449
1.74407
1.74365
1.74323
1.74281
1.7424
1.74198
1.74156
1.74114
1.74073
1.74031
1.73989
1.73948
1.73906
1.73864
1.73823
1.73781
1.7374
1.73698
1.73657
1.73615
1.73574
1.73532
1.73491
1.73449
1.73408
1.73367
1.73325
1.73284
1.73243
1.73201
1.7316
1.73119
1.73078
1.73036
1.72995
1.72954
1.72913
1.72872
1.72831
1.7279
1.7269
